+-------------------+--------------------------------+
| Dataset Summary   |   Dataset/Chess_II/krkopt.data |
+===================+================================+
| Dataset Size      |                          28056 |
+-------------------+--------------------------------+
| # of Attributes   |                              6 |
+-------------------+--------------------------------+




+---------------+----------------------------+
| Class Label   |   Probability Distribution |
|---------------+----------------------------|
| draw          |                0.0996613   |
| eight         |                0.0510786   |
| eleven        |                0.101756    |
| fifteen       |                0.0771974   |
| five          |                0.0167588   |
| four          |                0.00704225  |
| fourteen      |                0.162328    |
| nine          |                0.061018    |
| one           |                0.00276342  |
| seven         |                0.0243359   |
| six           |                0.0210822   |
| sixteen       |                0.0139062   |
| ten           |                0.0707791   |
| thirteen      |                0.149536    |
| three         |                0.00285256  |
| twelve        |                0.128231    |
| two           |                0.00873596  |
| zero          |                0.000935996 |
+---------------+----------------------------+
+---------------------------+---------+
| k-Fold Cross Validation   |       1 |
+===========================+=========+
| Accuracy (%)              | 36.2989 |
+---------------------------+---------+
| Time Elapsed (Sec)        | 19.8949 |
+---------------------------+---------+
             precision    recall  f1-score   support

       draw       0.14      0.09      0.11       560
      eight       0.37      0.53      0.43       287
     eleven       0.25      0.19      0.22       571
    fifteen       0.53      0.47      0.50       434
       five       0.39      0.41      0.40        95
       four       0.67      0.30      0.41        40
   fourteen       0.44      0.68      0.53       911
       nine       0.39      0.22      0.28       343
        one       0.42      0.31      0.36        16
      seven       0.16      0.02      0.04       137
        six       0.29      0.14      0.19       119
    sixteen       0.49      0.41      0.45        78
        ten       0.25      0.09      0.13       397
   thirteen       0.34      0.49      0.40       839
      three       0.62      0.29      0.40        17
     twelve       0.33      0.34      0.33       720
        two       0.57      0.54      0.56        50
       zero       1.00      0.17      0.29         6

avg / total       0.34      0.36      0.34      5620


Confusion Matrix
array([[ 48,  26,  20,  36,   4,   1, 145,   8,   0,   6,  10,   7,  15,
        151,   3,  77,   3,   0],
       [ 12, 151,  19,   2,   2,   1,  16,  28,   0,   1,   5,   0,  11,
         17,   0,  18,   4,   0],
       [ 48,  10, 108,   7,   3,   0,  71,  23,   0,   1,   2,   0,  20,
        113,   0, 165,   0,   0],
       [ 10,   0,   0, 205,   0,   0, 188,   0,   0,   0,   0,  12,   1,
         16,   0,   2,   0,   0],
       [  3,  21,   9,   0,  39,   2,   1,   1,   0,   4,   7,   0,   5,
          0,   0,   3,   0,   0],
       [  1,   3,   0,   0,  19,  12,   0,   0,   0,   0,   5,   0,   0,
          0,   0,   0,   0,   0],
       [ 41,   1,   8,  44,   0,   0, 616,   1,   0,   0,   0,   4,   1,
        181,   0,  14,   0,   0],
       [ 14,  61,  91,   1,   4,   0,  16,  77,   1,   0,   2,   1,  17,
         25,   0,  30,   3,   0],
       [  1,   3,   1,   0,   0,   0,   0,   0,   5,   0,   0,   0,   3,
          0,   0,   0,   3,   0],
       [  7,  46,  17,   0,   2,   0,   5,  13,   0,   3,   7,   0,   7,
         16,   0,  12,   2,   0],
       [  4,  35,   5,   0,  20,   0,   1,  17,   0,   2,  17,   0,   5,
          2,   0,  11,   0,   0],
       [  0,   0,   0,  44,   0,   0,   2,   0,   0,   0,   0,  32,   0,
          0,   0,   0,   0,   0],
       [ 47,  41,  88,   5,   1,   0,  38,  28,   0,   2,   0,   2,  35,
         36,   0,  74,   0,   0],
       [ 61,   2,  11,  30,   1,   0, 210,   0,   0,   0,   0,   6,   3,
        414,   0, 101,   0,   0],
       [  0,   0,   0,   0,   3,   2,   0,   0,   0,   0,   4,   0,   0,
          0,   5,   0,   3,   0],
       [ 56,   1,  55,  16,   2,   0,  86,   4,   0,   0,   0,   1,  10,
        244,   0, 245,   0,   0],
       [  0,   9,   1,   0,   0,   0,   0,   0,   4,   0,   0,   0,   9,
          0,   0,   0,  27,   0],
       [  0,   1,   0,   0,   0,   0,   0,   0,   2,   0,   0,   0,   0,
          0,   0,   0,   2,   1]])
=====================================================




+---------------+----------------------------+
| Class Label   |   Probability Distribution |
|---------------+----------------------------|
| draw          |                0.0996836   |
| eight         |                0.0510672   |
| eleven        |                0.101733    |
| fifteen       |                0.0772247   |
| five          |                0.0167996   |
| four          |                0.00704068  |
| fourteen      |                0.162292    |
| nine          |                0.0610044   |
| one           |                0.0027628   |
| seven         |                0.0243305   |
| six           |                0.0210775   |
| sixteen       |                0.0139031   |
| ten           |                0.0707633   |
| thirteen      |                0.149503    |
| three         |                0.00289648  |
| twelve        |                0.128203    |
| two           |                0.00877857  |
| zero          |                0.000935787 |
+---------------+----------------------------+
+---------------------------+---------+
| k-Fold Cross Validation   |       2 |
+===========================+=========+
| Accuracy (%)              | 36.545  |
+---------------------------+---------+
| Time Elapsed (Sec)        | 19.7823 |
+---------------------------+---------+
             precision    recall  f1-score   support

       draw       0.14      0.07      0.09       559
      eight       0.36      0.56      0.44       287
     eleven       0.27      0.20      0.23       571
    fifteen       0.51      0.44      0.47       433
       five       0.49      0.47      0.48        94
       four       0.73      0.28      0.40        40
   fourteen       0.43      0.65      0.52       911
       nine       0.33      0.18      0.23       343
        one       0.42      0.31      0.36        16
      seven       0.17      0.03      0.05       137
        six       0.40      0.20      0.27       119
    sixteen       0.66      0.56      0.61        78
        ten       0.20      0.07      0.10       397
   thirteen       0.35      0.53      0.42       839
      three       0.29      0.12      0.17        16
     twelve       0.32      0.36      0.34       720
        two       0.55      0.61      0.58        49
       zero       1.00      0.33      0.50         6

avg / total       0.34      0.37      0.34      5615


Confusion Matrix
array([[ 38,  24,  27,  49,   2,   0, 145,   8,   0,   7,  10,   9,  12,
        145,   1,  79,   3,   0],
       [  8, 162,  23,   0,   3,   0,  14,  22,   1,   1,   6,   0,  13,
         15,   0,  17,   2,   0],
       [ 37,  12, 113,  11,   1,   0,  63,  22,   0,   0,   0,   2,  25,
        108,   0, 177,   0,   0],
       [  7,   0,   0, 192,   0,   0, 209,   0,   0,   0,   0,   4,   0,
         21,   0,   0,   0,   0],
       [  4,  17,   6,   0,  44,   1,   0,   2,   0,   2,   7,   0,   8,
          0,   0,   3,   0,   0],
       [  1,   3,   0,   0,  15,  11,   0,   0,   1,   1,   5,   0,   0,
          2,   0,   1,   0,   0],
       [ 36,   1,   9,  46,   0,   0, 594,   0,   0,   0,   0,   1,   2,
        216,   0,   6,   0,   0],
       [ 22,  82,  60,   1,   3,   0,  22,  61,   0,   0,   0,   1,  23,
         28,   0,  40,   0,   0],
       [  1,   2,   0,   0,   0,   0,   0,   0,   5,   0,   0,   0,   0,
          0,   0,   1,   7,   0],
       [  4,  33,  17,   1,   2,   1,   7,  20,   0,   4,   6,   0,   8,
         12,   0,  21,   1,   0],
       [  4,  45,   6,   0,  12,   0,   1,   7,   0,   4,  24,   0,   3,
          3,   1,   7,   2,   0],
       [  0,   0,   0,  34,   0,   0,   0,   0,   0,   0,   0,  44,   0,
          0,   0,   0,   0,   0],
       [ 32,  51,  70,   7,   0,   1,  35,  35,   0,   2,   0,   1,  28,
         41,   0,  91,   3,   0],
       [ 33,   2,  23,  21,   0,   0, 211,   1,   0,   2,   0,   5,   1,
        441,   0,  99,   0,   0],
       [  0,   0,   0,   0,   6,   1,   0,   0,   0,   0,   2,   0,   0,
          0,   2,   0,   5,   0],
       [ 42,   4,  60,  15,   2,   0,  86,   7,   0,   0,   0,   0,  12,
        235,   0, 257,   0,   0],
       [  0,   9,   0,   0,   0,   0,   0,   0,   5,   0,   0,   0,   2,
          0,   3,   0,  30,   0],
       [  0,   1,   0,   0,   0,   0,   0,   0,   0,   0,   0,   0,   1,
          0,   0,   0,   2,   2]])
=====================================================




+---------------+----------------------------+
| Class Label   |   Probability Distribution |
|---------------+----------------------------|
| draw          |                0.0996658   |
| eight         |                0.0510581   |
| eleven        |                0.101715    |
| fifteen       |                0.077211    |
| five          |                0.0167966   |
| four          |                0.00703943  |
| fourteen      |                0.162263    |
| nine          |                0.0610381   |
| one           |                0.00276231  |
| seven         |                0.0243261   |
| six           |                0.0211183   |
| sixteen       |                0.0139006   |
| ten           |                0.0707507   |
| thirteen      |                0.149476    |
| three         |                0.00289597  |
| twelve        |                0.128225    |
| two           |                0.00877701  |
| zero          |                0.000980174 |
+---------------+----------------------------+
+---------------------------+---------+
| k-Fold Cross Validation   |       3 |
+===========================+=========+
| Accuracy (%)              | 36.1255 |
+---------------------------+---------+
| Time Elapsed (Sec)        | 18.6932 |
+---------------------------+---------+
             precision    recall  f1-score   support

       draw       0.13      0.07      0.09       559
      eight       0.34      0.52      0.41       287
     eleven       0.26      0.20      0.22       571
    fifteen       0.49      0.42      0.45       433
       five       0.43      0.39      0.41        94
       four       0.60      0.30      0.40        40
   fourteen       0.43      0.69      0.53       911
       nine       0.34      0.18      0.23       342
        one       0.11      0.06      0.08        16
      seven       0.14      0.03      0.05       137
        six       0.35      0.22      0.27       118
    sixteen       0.77      0.46      0.58        78
        ten       0.20      0.06      0.09       397
   thirteen       0.35      0.50      0.41       839
      three       0.22      0.12      0.16        16
     twelve       0.33      0.36      0.34       719
        two       0.46      0.63      0.53        49
       zero       1.00      0.40      0.57         5

avg / total       0.33      0.36      0.33      5611


Confusion Matrix
array([[ 41,  28,  29,  53,   4,   1, 148,  10,   0,  10,   7,   3,   6,
        140,   4,  74,   1,   0],
       [ 12, 150,  29,   3,   5,   1,   9,  23,   0,   2,  12,   0,   9,
         15,   0,  14,   3,   0],
       [ 47,  11, 112,   9,   2,   0,  57,  16,   0,   3,   1,   0,  25,
        115,   0, 173,   0,   0],
       [  6,   0,   0, 183,   0,   0, 228,   0,   0,   0,   0,   1,   0,
         15,   0,   0,   0,   0],
       [  1,  11,   7,   0,  37,   2,   0,   3,   0,   2,  12,   0,  12,
          0,   0,   3,   4,   0],
       [  1,   7,   0,   0,  14,  12,   0,   1,   0,   0,   4,   0,   1,
          0,   0,   0,   0,   0],
       [ 45,   3,  16,  43,   0,   0, 629,   0,   0,   0,   0,   2,   1,
        160,   0,  12,   0,   0],
       [ 23,  83,  69,   4,   2,   0,  14,  60,   2,   2,   1,   0,  15,
         32,   0,  27,   8,   0],
       [  0,   2,   0,   0,   0,   0,   0,   0,   1,   1,   0,   0,   1,
          0,   1,   2,   8,   0],
       [  7,  39,  14,   1,   2,   0,   8,  16,   1,   4,   9,   0,   7,
          9,   0,  19,   1,   0],
       [  0,  35,  11,   0,  19,   1,   0,  10,   1,   2,  26,   0,   4,
          3,   0,   5,   1,   0],
       [  0,   0,   0,  37,   0,   0,   5,   0,   0,   0,   0,  36,   0,
          0,   0,   0,   0,   0],
       [ 22,  56,  77,   2,   2,   0,  46,  24,   2,   1,   0,   1,  24,
         48,   0,  90,   2,   0],
       [ 53,   1,  23,  29,   0,   0, 213,   2,   0,   0,   0,   4,   1,
        421,   0,  92,   0,   0],
       [  0,   0,   0,   0,   0,   3,   0,   0,   0,   0,   3,   0,   0,
          0,   2,   0,   8,   0],
       [ 50,   7,  48,   9,   0,   0,  94,  12,   0,   0,   0,   0,  11,
        232,   0, 256,   0,   0],
       [  0,   4,   4,   0,   0,   0,   0,   0,   1,   2,   0,   0,   5,
          0,   2,   0,  31,   0],
       [  0,   1,   0,   0,   0,   0,   0,   0,   1,   0,   0,   0,   0,
          0,   0,   0,   1,   2]])
=====================================================




+---------------+----------------------------+
| Class Label   |   Probability Distribution |
|---------------+----------------------------|
| draw          |                0.0996437   |
| eight         |                0.0510913   |
| eleven        |                0.101693    |
| fifteen       |                0.0771938   |
| five          |                0.0167929   |
| four          |                0.00708241  |
| fourteen      |                0.162272    |
| nine          |                0.0610245   |
| one           |                0.00280624  |
| seven         |                0.0243653   |
| six           |                0.0211136   |
| sixteen       |                0.0138976   |
| ten           |                0.070735    |
| thirteen      |                0.149443    |
| three         |                0.00289532  |
| twelve        |                0.128196    |
| two           |                0.00877506  |
| zero          |                0.000979955 |
+---------------+----------------------------+
+---------------------------+---------+
| k-Fold Cross Validation   |       4 |
+===========================+=========+
| Accuracy (%)              | 36.3361 |
+---------------------------+---------+
| Time Elapsed (Sec)        | 18.3916 |
+---------------------------+---------+
             precision    recall  f1-score   support

       draw       0.17      0.10      0.13       559
      eight       0.35      0.50      0.41       286
     eleven       0.28      0.21      0.24       571
    fifteen       0.48      0.44      0.46       433
       five       0.44      0.51      0.48        94
       four       0.60      0.38      0.47        39
   fourteen       0.43      0.67      0.52       910
       nine       0.30      0.18      0.22       342
        one       0.20      0.07      0.10        15
      seven       0.27      0.04      0.08       136
        six       0.39      0.17      0.24       118
    sixteen       0.52      0.36      0.42        78
        ten       0.16      0.06      0.08       397
   thirteen       0.36      0.50      0.42       839
      three       0.33      0.12      0.18        16
     twelve       0.33      0.36      0.34       719
        two       0.58      0.61      0.59        49
       zero       0.22      0.40      0.29         5

avg / total       0.34      0.36      0.34      5606


Confusion Matrix
array([[ 55,  25,  16,  50,   4,   2, 169,   9,   0,   3,   5,  11,  13,
        112,   1,  78,   2,   4],
       [  8, 143,  26,   0,   2,   2,   9,  28,   2,   1,   9,   0,  21,
         14,   0,  18,   2,   1],
       [ 54,  18, 122,   9,   3,   0,  65,  19,   0,   2,   0,   0,  22,
         94,   0, 163,   0,   0],
       [  7,   0,   0, 190,   0,   0, 211,   0,   0,   0,   0,   7,   0,
         18,   0,   0,   0,   0],
       [  5,  14,   5,   0,  48,   1,   0,   3,   0,   1,   8,   0,   7,
          0,   0,   2,   0,   0],
       [  0,   3,   0,   0,  19,  15,   0,   0,   0,   0,   2,   0,   0,
          0,   0,   0,   0,   0],
       [ 32,   0,   8,  48,   0,   0, 613,   0,   0,   0,   0,   2,   0,
        188,   0,  19,   0,   0],
       [ 19,  71,  70,   0,   5,   0,  21,  61,   0,   2,   1,   0,  23,
         32,   0,  36,   1,   0],
       [  0,   1,   2,   0,   0,   0,   0,   0,   1,   1,   0,   0,   2,
          0,   1,   0,   7,   0],
       [ 10,  39,  16,   1,   1,   0,   6,  21,   0,   6,   1,   0,   6,
          7,   0,  22,   0,   0],
       [  4,  32,  10,   0,  20,   0,   0,  20,   0,   2,  20,   0,   1,
          3,   1,   4,   1,   0],
       [  0,   0,   0,  48,   0,   0,   2,   0,   0,   0,   0,  28,   0,
          0,   0,   0,   0,   0],
       [ 28,  43,  77,   4,   2,   0,  38,  28,   0,   3,   2,   3,  22,
         50,   0,  90,   6,   1],
       [ 39,   3,  21,  31,   0,   0, 225,   3,   0,   1,   0,   3,   4,
        421,   0,  88,   0,   0],
       [  0,   0,   0,   0,   3,   5,   0,   0,   0,   0,   3,   0,   0,
          0,   2,   0,   3,   0],
       [ 56,   2,  63,  13,   0,   0,  80,  11,   0,   0,   0,   0,  13,
        223,   0, 258,   0,   0],
       [  0,  10,   0,   0,   1,   0,   0,   1,   2,   0,   0,   0,   3,
          0,   1,   0,  30,   1],
       [  0,   2,   0,   0,   0,   0,   0,   0,   0,   0,   0,   0,   1,
          0,   0,   0,   0,   2]])
=====================================================




+---------------+----------------------------+
| Class Label   |   Probability Distribution |
|---------------+----------------------------|
| draw          |                0.0996348   |
| eight         |                0.0510868   |
| eleven        |                0.101728    |
| fifteen       |                0.0771869   |
| five          |                0.0167914   |
| four          |                0.00708177  |
| fourteen      |                0.162257    |
| nine          |                0.0610191   |
| one           |                0.00280599  |
| seven         |                0.0243631   |
| six           |                0.0211117   |
| sixteen       |                0.0138963   |
| ten           |                0.0707287   |
| thirteen      |                0.149474    |
| three         |                0.00289507  |
| twelve        |                0.128185    |
| two           |                0.00877427  |
| zero          |                0.000979868 |
+---------------+----------------------------+
+---------------------------+---------+
| k-Fold Cross Validation   |       5 |
+===========================+=========+
| Accuracy (%)              | 35.8315 |
+---------------------------+---------+
| Time Elapsed (Sec)        | 19.2838 |
+---------------------------+---------+
             precision    recall  f1-score   support

       draw       0.17      0.11      0.13       559
      eight       0.33      0.50      0.40       286
     eleven       0.25      0.19      0.22       570
    fifteen       0.51      0.46      0.48       433
       five       0.59      0.48      0.53        94
       four       0.60      0.38      0.47        39
   fourteen       0.44      0.69      0.54       910
       nine       0.30      0.18      0.23       342
        one       0.11      0.07      0.08        15
      seven       0.13      0.04      0.06       136
        six       0.39      0.14      0.21       118
    sixteen       0.49      0.45      0.47        78
        ten       0.19      0.05      0.08       397
   thirteen       0.35      0.49      0.41       838
      three       0.25      0.06      0.10        16
     twelve       0.30      0.32      0.31       719
        two       0.51      0.59      0.55        49
       zero       0.17      0.20      0.18         5

avg / total       0.33      0.36      0.33      5604


Confusion Matrix
array([[ 60,  22,  28,  46,   3,   0, 156,   8,   0,  10,   3,  15,   9,
        129,   0,  65,   5,   0],
       [ 12, 144,  30,   1,   2,   0,  12,  34,   0,   1,   5,   0,   5,
         17,   0,  19,   3,   1],
       [ 51,  10, 108,  10,   1,   0,  63,  29,   0,   1,   0,   0,  20,
         96,   0, 181,   0,   0],
       [  7,   0,   0, 199,   0,   0, 197,   0,   0,   0,   0,   6,   0,
         24,   0,   0,   0,   0],
       [  2,  12,   6,   0,  45,   4,   1,   4,   0,   6,   5,   0,   4,
          0,   0,   4,   1,   0],
       [  1,   5,   0,   0,   8,  15,   0,   0,   0,   1,   8,   0,   1,
          0,   0,   0,   0,   0],
       [ 46,   0,   6,  53,   0,   0, 630,   0,   0,   0,   0,   9,   0,
        157,   0,   9,   0,   0],
       [ 16,  70,  71,   2,   0,   0,  18,  63,   0,   4,   0,   0,  16,
         33,   0,  46,   3,   0],
       [  0,   3,   0,   0,   0,   0,   0,   0,   1,   1,   0,   0,   1,
          0,   0,   0,   9,   0],
       [ 12,  48,  10,   0,   1,   1,   4,  13,   2,   5,   2,   0,   9,
          8,   0,  18,   3,   0],
       [  4,  42,   8,   0,  13,   0,   2,  15,   0,   5,  17,   0,   4,
          4,   1,   3,   0,   0],
       [  0,   0,   0,  42,   0,   0,   1,   0,   0,   0,   0,  35,   0,
          0,   0,   0,   0,   0],
       [ 31,  62,  80,   3,   1,   0,  40,  33,   0,   1,   0,   3,  20,
         48,   0,  73,   0,   2],
       [ 40,   3,  18,  20,   0,   0, 234,   3,   0,   0,   0,   3,   3,
        407,   0, 107,   0,   0],
       [  0,   0,   0,   0,   2,   4,   0,   0,   0,   1,   4,   0,   0,
          0,   1,   0,   4,   0],
       [ 66,   5,  68,  15,   0,   0,  84,   9,   0,   1,   0,   0,  11,
        232,   0, 228,   0,   0],
       [  0,   9,   0,   0,   0,   1,   0,   1,   4,   1,   0,   0,   0,
          0,   2,   0,  29,   2],
       [  0,   0,   0,   0,   0,   0,   0,   0,   2,   0,   0,   0,   2,
          0,   0,   0,   0,   1]])
=====================================================
