+-------------------+-----------------------------------+
| Dataset Summary   |   Dataset/PenDigits/pendigits.tra |
+===================+===================================+
| Dataset Size      |                              7494 |
+-------------------+-----------------------------------+
| # of Attributes   |                                16 |
+-------------------+-----------------------------------+




+---------------+----------------------------+
|   Class Label |   Probability Distribution |
|---------------+----------------------------|
|             0 |                  0.104104  |
|             1 |                  0.103937  |
|             2 |                  0.104104  |
|             3 |                  0.0959293 |
|             4 |                  0.104104  |
|             5 |                  0.0960961 |
|             6 |                  0.0960961 |
|             7 |                  0.10377   |
|             8 |                  0.0959293 |
|             9 |                  0.0959293 |
+---------------+----------------------------+
+---------------------------+----------+
| k-Fold Cross Validation   |        1 |
+===========================+==========+
| Accuracy (%)              | 78.7333  |
+---------------------------+----------+
| Time Elapsed (Sec)        |  1.77955 |
+---------------------------+----------+
             precision    recall  f1-score   support

          0       0.92      0.92      0.92       156
          1       0.76      0.88      0.82       156
          2       0.90      0.92      0.91       156
          3       0.84      0.94      0.89       144
          4       0.00      0.00      0.00       156
          5       0.62      0.60      0.61       144
          6       0.98      0.98      0.98       144
          7       0.96      0.86      0.91       156
          8       0.81      0.90      0.85       144
          9       0.50      0.91      0.65       144

avg / total       0.73      0.79      0.75      1500


Confusion Matrix
array([[143,   0,   0,   0,   0,   2,   0,   0,  10,   1],
       [  0, 137,  15,   1,   0,   3,   0,   0,   0,   0],
       [  0,   7, 144,   0,   0,   1,   0,   1,   3,   0],
       [  0,   8,   1, 135,   0,   0,   0,   0,   0,   0],
       [  9,   1,   0,   0,   0,  42,   3,   0,   6,  95],
       [  0,   3,   0,  20,   0,  86,   0,   0,   7,  28],
       [  0,   0,   0,   0,   0,   2, 141,   0,   1,   0],
       [  0,  19,   0,   0,   0,   3,   0, 134,   0,   0],
       [  4,   0,   0,   0,   0,   0,   0,   5, 130,   5],
       [  0,   5,   0,   4,   0,   0,   0,   0,   4, 131]])
=====================================================




+---------------+----------------------------+
|   Class Label |   Probability Distribution |
|---------------+----------------------------|
|             0 |                  0.104104  |
|             1 |                  0.103937  |
|             2 |                  0.104104  |
|             3 |                  0.0959293 |
|             4 |                  0.104104  |
|             5 |                  0.0960961 |
|             6 |                  0.0960961 |
|             7 |                  0.10377   |
|             8 |                  0.0959293 |
|             9 |                  0.0959293 |
+---------------+----------------------------+
+---------------------------+----------+
| k-Fold Cross Validation   |        2 |
+===========================+==========+
| Accuracy (%)              | 78.6     |
+---------------------------+----------+
| Time Elapsed (Sec)        |  1.76256 |
+---------------------------+----------+
             precision    recall  f1-score   support

          0       0.96      0.93      0.94       156
          1       0.77      0.83      0.80       156
          2       0.90      0.93      0.91       156
          3       0.81      0.92      0.86       144
          4       0.00      0.00      0.00       156
          5       0.58      0.60      0.59       144
          6       0.99      0.97      0.98       144
          7       0.99      0.90      0.94       156
          8       0.82      0.92      0.87       144
          9       0.48      0.90      0.63       144

avg / total       0.73      0.79      0.75      1500


Confusion Matrix
array([[145,   0,   0,   0,   0,   0,   0,   0,  11,   0],
       [  0, 130,  16,   3,   0,   7,   0,   0,   0,   0],
       [  0,  10, 145,   0,   0,   0,   0,   0,   1,   0],
       [  0,   9,   0, 132,   0,   0,   0,   0,   0,   3],
       [  4,   2,   0,   0,   0,  48,   1,   0,   7,  94],
       [  0,   0,   0,  21,   0,  86,   0,   0,   3,  34],
       [  1,   0,   0,   0,   0,   3, 140,   0,   0,   0],
       [  0,  16,   0,   0,   0,   0,   0, 140,   0,   0],
       [  1,   0,   0,   0,   0,   4,   0,   1, 132,   6],
       [  0,   2,   0,   6,   0,   0,   0,   0,   7, 129]])
=====================================================




+---------------+----------------------------+
|   Class Label |   Probability Distribution |
|---------------+----------------------------|
|             0 |                  0.104104  |
|             1 |                  0.103937  |
|             2 |                  0.104104  |
|             3 |                  0.0959293 |
|             4 |                  0.104104  |
|             5 |                  0.0960961 |
|             6 |                  0.0960961 |
|             7 |                  0.10377   |
|             8 |                  0.0959293 |
|             9 |                  0.0959293 |
+---------------+----------------------------+
+---------------------------+----------+
| k-Fold Cross Validation   |        3 |
+===========================+==========+
| Accuracy (%)              | 77.7333  |
+---------------------------+----------+
| Time Elapsed (Sec)        |  1.73821 |
+---------------------------+----------+
             precision    recall  f1-score   support

          0       0.94      0.92      0.93       156
          1       0.74      0.82      0.78       156
          2       0.88      0.93      0.90       156
          3       0.87      0.89      0.88       144
          4       0.00      0.00      0.00       156
          5       0.60      0.64      0.62       144
          6       0.99      0.97      0.98       144
          7       0.97      0.85      0.91       156
          8       0.78      0.92      0.84       144
          9       0.48      0.88      0.62       144

avg / total       0.72      0.78      0.74      1500


Confusion Matrix
array([[143,   0,   0,   0,   0,   0,   0,   0,  12,   1],
       [  0, 128,  20,   1,   0,   5,   0,   0,   0,   2],
       [  0,   9, 145,   0,   0,   1,   0,   0,   1,   0],
       [  0,  14,   0, 128,   0,   0,   0,   0,   0,   2],
       [  6,   2,   0,   0,   0,  45,   2,   0,  11,  90],
       [  0,   1,   0,   9,   0,  92,   0,   0,   6,  36],
       [  1,   0,   0,   0,   0,   3, 139,   0,   1,   0],
       [  0,  17,   0,   0,   0,   5,   0, 133,   1,   0],
       [  1,   0,   0,   0,   0,   2,   0,   4, 132,   5],
       [  1,   2,   0,   9,   0,   0,   0,   0,   6, 126]])
=====================================================




+---------------+----------------------------+
|   Class Label |   Probability Distribution |
|---------------+----------------------------|
|             0 |                  0.104087  |
|             1 |                  0.10392   |
|             2 |                  0.104087  |
|             3 |                  0.0959133 |
|             4 |                  0.104087  |
|             5 |                  0.0960801 |
|             6 |                  0.0960801 |
|             7 |                  0.10392   |
|             8 |                  0.0959133 |
|             9 |                  0.0959133 |
+---------------+----------------------------+
+---------------------------+----------+
| k-Fold Cross Validation   |        4 |
+===========================+==========+
| Accuracy (%)              | 77.5183  |
+---------------------------+----------+
| Time Elapsed (Sec)        |  1.74535 |
+---------------------------+----------+
             precision    recall  f1-score   support

          0       0.94      0.87      0.91       156
          1       0.78      0.81      0.79       156
          2       0.88      0.96      0.92       156
          3       0.86      0.96      0.90       144
          4       0.00      0.00      0.00       156
          5       0.52      0.50      0.51       144
          6       0.98      0.98      0.98       144
          7       1.00      0.84      0.91       155
          8       0.75      0.92      0.83       144
          9       0.50      0.96      0.66       144

avg / total       0.72      0.78      0.74      1499


Confusion Matrix
array([[136,   0,   0,   0,   0,   5,   0,   0,  15,   0],
       [  0, 126,  20,   1,   0,   9,   0,   0,   0,   0],
       [  0,   7, 149,   0,   0,   0,   0,   0,   0,   0],
       [  0,   6,   0, 138,   0,   0,   0,   0,   0,   0],
       [  4,   0,   0,   0,   0,  45,   3,   0,   9,  95],
       [  0,   2,   0,  19,   0,  72,   0,   0,  13,  38],
       [  0,   0,   0,   0,   0,   3, 141,   0,   0,   0],
       [  0,  20,   0,   0,   0,   1,   0, 130,   4,   0],
       [  4,   0,   0,   0,   0,   3,   0,   0, 132,   5],
       [  0,   1,   0,   3,   0,   0,   0,   0,   2, 138]])
=====================================================




+---------------+----------------------------+
|   Class Label |   Probability Distribution |
|---------------+----------------------------|
|             0 |                   0.104017 |
|             1 |                   0.104017 |
|             2 |                   0.104017 |
|             3 |                   0.096016 |
|             4 |                   0.104017 |
|             5 |                   0.096016 |
|             6 |                   0.096016 |
|             7 |                   0.103851 |
|             8 |                   0.096016 |
|             9 |                   0.096016 |
+---------------+----------------------------+
+---------------------------+----------+
| k-Fold Cross Validation   |        5 |
+===========================+==========+
| Accuracy (%)              | 77.7926  |
+---------------------------+----------+
| Time Elapsed (Sec)        |  1.76492 |
+---------------------------+----------+
             precision    recall  f1-score   support

          0       0.99      0.87      0.92       156
          1       0.76      0.78      0.77       155
          2       0.86      0.94      0.90       156
          3       0.88      0.97      0.92       143
          4       0.00      0.00      0.00       156
          5       0.54      0.61      0.58       144
          6       0.99      0.96      0.98       144
          7       0.96      0.84      0.89       155
          8       0.78      0.91      0.84       143
          9       0.51      0.96      0.66       143

avg / total       0.73      0.78      0.74      1495


Confusion Matrix
array([[135,   1,   0,   0,   0,   4,   0,   0,  15,   1],
       [  0, 121,  23,   2,   0,   9,   0,   0,   0,   0],
       [  0,  10, 146,   0,   0,   0,   0,   0,   0,   0],
       [  0,   5,   0, 138,   0,   0,   0,   0,   0,   0],
       [  0,   0,   0,   0,   0,  53,   1,   0,   5,  97],
       [  0,   4,   0,  14,   0,  88,   0,   0,   7,  31],
       [  0,   0,   0,   0,   0,   3, 138,   0,   3,   0],
       [  0,  17,   0,   0,   0,   4,   0, 130,   3,   1],
       [  1,   1,   0,   0,   0,   1,   0,   6, 130,   4],
       [  0,   1,   0,   2,   0,   0,   0,   0,   3, 137]])
=====================================================
